## By industry amended
Farm Management Deposits Scheme - reporting variations by industry
2017-06-01 00:00:00 | 2017-07-01 00:00:00 | 2017-08-01 00:00:00 | 2017-09-01 00:00:00 | 2017-10-01 00:00:00 | 2017-11-01 00:00:00 | 2017-12-01 00:00:00 | 2018-01-01 00:00:00 | 2018-02-01 00:00:00 | 2018-03-01 00:00:00 | 2018-04-01 00:00:00 | 2018-05-01 00:00:00 | 2018-06-01 00:00:00 | 2018-07-01 00:00:00 | 2018-08-01 00:00:00 | 2018-09-01 00:00:00 | 2018-10-01 00:00:00 | 2018-11-01 00:00:00 | 2018-12-01 00:00:00 | 2019-01-01 00:00:00 | 2019-02-01 00:00:00
Accounts | Holdings ($m) | Accounts | Holdings ($m) | Accounts | Holdings ($m) | Accounts | Holdings ($m) | Accounts | Holdings ($m) | Accounts | Holdings ($m) | Accounts | Holdings ($m) | Accounts | Holdings ($m) | Accounts | Holdings ($m) | Accounts | Holdings ($m) | Accounts | Holdings ($m) | Accounts | Holdings ($m) | Accounts | Holdings ($m) | Accounts | Holdings ($m) | Accounts | Holdings ($m) | Accounts | Holdings ($m) | Accounts | Holdings ($m) | Accounts | Holdings ($m) | Accounts | Holdings ($m) | Accounts | Holdings ($m) | Accounts | Holdings ($m)
HORTICULTURE | -6 | 1.049 | -3 | 1.154 | -1 | 1.167 | -1 | 1.517 | 8 | 2.518 | 14 | 2.403 | 14 | 2.404 | -8 | -0.352 | -8 | -0.352 | -8 | -0.352 | -8 | -0.352 | -8 | -0.352 | 2 | -0.173 | 2 | -0.063 | 4 | -0.013 | 3 | -0.005 | 133 | 13.402 | 268 | 48.575 | 6 | 0.55 | 0 | 0 | 1 | 0.005
SUGAR | 6 | 1.02 | 10 | 1.578 | 10 | 1.578 | 10 | 1.578 | 10 | 1.283 | 10 | 1.283 | 10 | 1.283 | 1 | 0.27 | 1 | 0.27 | 1 | 0.27 | 1 | 0.27 | 2 | 0.28 | 1 | 0.1 | 1 | 0.1 | 1 | 0.1 | 0 | 0 | 33 | 2.945 | 47 | 6.718 | 0 | 0 | 0 | 0 | 0 | 0
CROPS | -5 | -0.199 | -2 | 0.27 | -2 | 0.549 | -2 | 0.53 | 3 | 1.307 | 5 | 1.347 | 6 | 1.222 | -5 | -0.776 | -5 | -0.776 | -5 | -0.776 | -5 | -0.775 | -6 | -0.785 | -5 | -1.225 | -4 | -0.995 | -3 | -0.684 | -3 | -0.49 | 37 | 2.999 | 59 | 10.13 | -1 | -0.139 | -1 | -0.19 | 0 | 0.001
GRAIN | 3 | 3.079 | 14 | 3.995 | 16 | 4.063 | 24 | 4.844 | 23 | 7.082 | 59 | 10.388 | 58 | 10.036 | 7 | -1.594 | 7 | -1.595 | 7 | -1.595 | 7 | -1.594 | 9 | -1.476 | 10 | 0.331 | 15 | 1.189 | 15 | 2.744 | 2 | 0.492 | 282 | 26.025 | 546 | 88.3 | 3 | 0.211 | 1 | -0.379 | 1 | 0.25
GRAIN-SHEEP/BEEF | -32 | -2.648 | -19 | -1.049 | 5 | 1.411 | 9 | 2.945 | 21 | 6.247 | 46 | 8.717 | 47 | 8.813 | -1 | -2.141 | -1 | -2.141 | -1 | -2.161 | -1 | -2.162 | -8 | -2.456 | -40 | -4.233 | -39 | -3.563 | -48 | -3.702 | -40 | -3.366 | -2771 | -146.014 | -3481 | -426.074 | -40 | -5.332 | -5 | -0.42 | -3 | -0.275
BEEF | 8 | 6.306 | 18 | 7.368 | 14 | 6.839 | 15 | 6.37 | 4 | 3.617 | 28 | 4.411 | 29 | 4.987 | 13 | 3.606 | 14 | 3.644 | 14 | 3.68 | 14 | 3.71 | 15 | 3.751 | 6 | 2.552 | 7 | 2.431 | -1 | 2.212 | -1 | 1.7 | 379 | 28.823 | 554 | 79.444 | 9 | 2.3 | -3 | -0.17 | 1 | 0.02
SHEEP-BEEF | 30 | 2.916 | 36 | 3.734 | 36 | 3.924 | 40 | 4.569 | 54 | 7.216 | 61 | 6.896 | 61 | 6.896 | -9 | -2.184 | -10 | -2.223 | -10 | -2.258 | -9 | -2.07 | -11 | -2.35 | -4 | -2.302 | -2 | -1.877 | -15 | -1.378 | -8 | -0.445 | 346 | 27.12 | 563 | 78.761 | 5 | 0.435 | 2 | 0.2 | 2 | 0.2
SHEEP | 22 | 7.831 | 37 | 8.721 | 37 | 8.86 | 38 | 9.078 | 31 | 5.295 | 45 | 5.964 | 44 | 6.124 | 10 | 4.214 | 10 | 4.213 | 10 | 4.234 | 9 | 4.017 | 15 | 4.472 | 20 | 3.684 | 19 | 3.085 | 14 | 2.563 | 11 | 2.133 | 326 | 25.531 | 466 | 66.934 | 5 | 0.403 | -5 | -0.391 | -4 | -0.3
PIG | -3 | 0.02 | -2 | 0.02 | 0 | 0.445 | 0 | 0.445 | 1 | 0.695 | 2 | 0.725 | 2 | 0.725 | 0 | 0 | 0 | 0 | 0 | 0 | 0 | 0 | 0 | 0 | 0 | 0 | 0 | 0 | 0 | 0 | 0 | 0 | 7 | 0.42 | 9 | 1.045 | 0 | 0 | 0 | 0 | 0 | 0
INTENSIVE LIVESTOCK | -4 | -0.449 | -4 | -0.429 | -6 | -0.544 | -6 | -0.544 | -2 | -0.115 | -1 | -0.065 | -1 | -0.065 | -3 | -0.414 | -3 | -0.414 | -3 | -0.414 | -3 | -0.414 | -3 | -0.414 | -2 | -0.434 | -2 | -0.454 | -3 | -0.352 | -2 | -0.204 | 37 | 2.73 | 66 | 8.229 | 1 | 0.022 | 0 | 0 | 0 | 0
DAIRY | -57 | -2.633 | -44 | -1.864 | -39 | -1.602 | -34 | -1.255 | -27 | -0.52 | 2 | 1.265 | 2 | 1.265 | -4 | -0.45 | -4 | -0.45 | -4 | -0.45 | -4 | -0.45 | -4 | -0.41 | -1 | -0.07 | 0 | -0.015 | 0 | -0.015 | -1 | -0.02 | 224 | 14.126 | 262 | 32.371 | 0 | 0.1 | -1 | -0.1 | 0 | 0
FORESTRY & FISHING | -1 | -0.215 | -1 | -0.209 | -1 | -0.204 | -1 | -0.199 | 0 | 0 | 0 | 0 | 0 | 0.06 | -1 | -0.179 | -1 | -0.179 | -1 | -0.179 | -1 | -0.178 | -1 | -0.178 | 0 | 0 | 0 | 0 | 0 | 0 | 0 | 0 | 10 | 1.169 | 27 | 4.214 | 0 | 0 | 0 | 0 | 0 | 0
OTHER | 0 | 0 | 0 | 0 | 0 | 0 | 0 | 0 | 0 | 0 | 0 | 0 | 0 | 0 | 0 | 0 | 0 | 0 | 0 | 0 | 0 | 0 | 0 | 0 | 0 | 0 | 0 | 0 | 0 | 0 | 0 | 0 | 0 | 0 | 0 | 0 | 0 | 0 | 0 | 0 | 0 | 0
TOTAL | -39 | 16.077 | 40 | 23.289 | 69 | 26.486 | 92 | 29.878 | 126 | 34.625 | 271 | 43.334 | 272 | 43.75 | 0 | 0 | 0 | -0.003 | 0 | -0.001 | 0 | 0.002 | 0 | 0.082 | -13 | -1.77 | -3 | -0.162 | -36 | 1.4750000000000008 | -39 | -0.205 | -957 | -0.724 | -614 | -1.353 | -12 | -1.45 | -12 | -1.45 | -2 | -0.099

## By state and territory amended
Farm Management Deposits Scheme – reporting variations by state and territory
2017-06-01 00:00:00 | 2017-07-01 00:00:00 | 2017-08-01 00:00:00 | 2017-09-01 00:00:00 | 2017-10-01 00:00:00 | 2017-11-01 00:00:00 | 2017-12-01 00:00:00 | 2018-01-01 00:00:00 | 2018-02-01 00:00:00 | 2018-03-01 00:00:00 | 2018-04-01 00:00:00 | 2018-05-01 00:00:00 | 2018-06-01 00:00:00 | 2018-07-01 00:00:00 | 2018-08-01 00:00:00 | 2018-09-01 00:00:00 | 2018-10-01 00:00:00 | 2018-11-01 00:00:00 | 2018-12-01 00:00:00 | 2019-01-01 00:00:00 | 2019-02-01 00:00:00
Accounts | Holdings ($m) | Accounts | Holdings ($m) | Accounts | Holdings ($m) | Accounts | Holdings ($m) | Accounts | Holdings ($m) | Accounts | Holdings ($m) | Accounts | Holdings ($m) | Accounts | Holdings ($m) | Accounts | Holdings ($m) | Accounts | Holdings ($m) | Accounts | Holdings ($m) | Accounts | Holdings ($m) | Accounts | Holdings ($m) | Accounts | Holdings ($m) | Accounts | Holdings ($m) | Accounts | Holdings ($m) | Accounts | Holdings ($m) | Accounts | Holdings ($m) | Accounts | Holdings ($m) | Accounts | Holdings ($m) | Accounts | Holdings ($m)
NSW | 89 | 12.64 | 108 | 14.627 | 111 | 15.597 | 116 | 17.488 | 132 | 20.524 | 133 | 20.516 | 129 | 20.243 | -4 | -0.0009080000000000001 | -4 | -0.909 | -4 | -0.908 | -4 | -1.068 | -4 | -1.068 | 0 | -0.208 | -1 | -0.268 | -21 | 1.501 | -27 | -0.269 | -271 | -0.16 | -142 | 0.04 | 0 | -0.088 | 0 | -0.088 | 1 | 0.003
VIC | -211 | -10.141 | -162 | -6.501 | -132 | -4.552 | -117 | -3.438 | -103 | -2.365 | 52 | 7.048 | 52 | 7.047 | -3 | -0.07 | -3 | -0.071 | -3 | -0.045 | -3 | -0.043 | -3 | 0.037 | -16 | -1.812 | -6 | -0.307 | -15 | -0.393 | -16 | -0.464 | -418 | -0.973 | -322 | -1.652 | -12 | -1.362 | -12 | -1.362 | -3 | -0.102
QLD | 21 | 4.624 | 25 | 5.582 | 25 | 5.666 | 25 | 5.665 | 26 | 5.326 | 24 | 5.234 | 24 | 5.755 | 3 | 0.472 | 3 | 0.472 | 3 | 0.447 | 3 | 0.447 | 3 | 0.447 | 2 | 0.141 | 2 | 0.142 | 1 | 0.075 | 2 | 0.142 | -95 | 0.141 | -56 | 0.14 | 0 | 0 | 0 | 0 | 0 | 0
SA | 39 | 5.638 | 44 | 5.637 | 39 | 5.26 | 41 | 5.548 | 40 | 5.183 | 37 | 5.044 | 37 | 5.043 | 4 | 0.506 | 4 | 0.505 | 4 | 0.505 | 4 | 0.665 | 4 | 0.665 | 1 | 0.109 | 2 | 0.271 | 2 | 0.269 | 2 | 0.27 | -100 | 0.27 | -51 | 0.12 | 0 | 0 | 0 | 0 | 0 | 0
WA | 22 | 2.742 | 24 | 3.501 | 24 | 3.791 | 25 | 3.891 | 27 | 4.703 | 26 | 4.44 | 26 | 4.44 | 0 | 0 | 0 | 0 | 0 | 0 | 0 | 0.001 | 0 | 0.001 | 0 | 0 | 0 | 0 | 0 | 0 | 0 | 0 | -50 | -0.001 | -27 | 0 | 0 | 0 | 0 | 0 | 0 | 0
TAS | 0 | 0.374 | 1 | 0.443 | 2 | 0.724 | 2 | 0.724 | 3 | 1.224 | 4 | 1.222 | 4 | 1.222 | 0 | 0 | 0 | 0 | 0 | 0 | 0 | 0 | 0 | 0 | 0 | 0 | 0 | 0 | 0 | 0 | 0 | 0 | -19 | 0 | -15 | 0 | 0 | 0 | 0 | 0 | 0 | 0
NT&ACT | 1 | 0.2 | 0 | 0 | 0 | 0 | 0 | 0 | 1 | 0.03 | -5 | -0.17 | 0 | 0 | 0 | 0 | 0 | 0 | 0 | 0 | 0 | 0 | 0 | 0 | 0 | 0 | 0 | 0 | -9 | -1.7 | 0 | 0.116 | -4 | -0.001 | -1 | -0.001 | 0 | 0 | 0 | 0 | 0 | 0
Total | -39 | 16.077 | 40 | 23.289 | 69 | 26.486 | 92 | 29.878 | 126 | 34.625 | 271 | 43.344 | 272 | 43.75 | 0 | 0 | 0 | -0.003 | 0 | -0.001 | 0 | 0.002 | 0 | 0.082 | -13 | -1.77 | -3 | -0.162 | -36 | 1.475 | -39 | -0.205 | -957 | -0.724 | -614 | -1.353 | -12 | -1.45 | -12 | -1.45 | -2 | -0.099