These tables show final FTA Dairy quota position for 2006-2023
Total quota Total shipped % shipped Unused quota
851,000
851,000
2,553,000
334,319
13
2,218,681
8,563,000
8,563,000
8,104,000
8,104,000
1,341,000
905,843
68
435,157
10,098,000 0
9,526,500
170,000
170,000
Other Dairy Products (L) 4,282,000
501,887
12
3,780,113
10,098,000 0
9,526,500
8,423,000
6,093
8,416,907
1,203,000
1,203,000
4,813,000
6,185
4,806,815
5,457,000
5,457,000
Total quota Total shipped % shipped Unused quota
826,000
826,000
2,479,000
468,441
19
2,010,559
8,078,000 0
8,078,000
7,792,000
7,792,000
1,302,000
777,796
60
524,204
10,098,000 0
10,098,000
165,000
165,000
Other Dairy Products (L) 4,039,000 Add
Add
3,475,948
10,098,000 0
10,098,000
8,022,000 9,723
8,012,277
1,146,000
1,146,000
4,584,000
7,521
4,576,479
5,457,000
5,457,000
Total quota Total shipped % shipped Unused quota
802,000
802,000
2,407,000
234,240
10
2,172,760
7,621,000
7,621,000
7,492,000
7,492,000
1,264,000
1,255,296
99
8,704

9,526,500
9,526,500
160,000
160,000
Other Dairy Products (L) 3,881,000
74,366
2
3,806,634
9,526,500
9,526,500
7,642,000
4,550,751
60
3,091,249
1,091,000
1,091,000
4,366,000
24,265
1
4,341,735
5,457,000
5,457,000
Total quota Total shipped % shipped Unused quota
779,000
779,000
2,337,000
1,237,400
53
1,099,600
7,190,000
7,190,000
7,204,000
7,204,000
1,168,000
965,405
83
202,595
8,987,000
8,987,000
156,000
156,000
Other Dairy Products (L) 3,595,000
680,841
18
2,914,159
8,987,000
8,987,000
7,276,000
378,801
5
6,897,199
1,039,000
1,039,000
4,158,000
1,360
4,156,639
5,197,000
5,197,000
Total quota Total shipped % shipped Unused quota
756,000
756,000
2,269,000
2,219,250
98
49,750
6,783,000
6,783,000
6,927,000
491,075
7
6,435,925
1,134,000
954,780
84
179,220
8,478,000
8,478,000

151,000
151,000
Other Dairy Products (L) 3,391,000
637,987
19
2,753,013
8,478,500
8,478,500
6,930,000
22,658
6,907,342
990,000
990,000
3,960,000
40,996
1
3,919,004
4,950,000
4,950,000
734,000
734,000
2,203,000
1,096,400 50
1,106,600
6,399,000
6,399,000
6,660,000
80,000
1
6,580,000
1,101,000
811,883
74
289,117
7,998,500
7,998,500
147,000
147,000
Other Dairy Products (L) 3,199,000
633,147
26
2,565,853
7,998,500
7,998,500
6,600,000
262,112
4
6,337,888
943,000
943,000
3,771,000
1,683
3,769,317
4,714,000
4,714,000
713,000
713,000
2,139,000
157,475
7
1,981,525
6,037,000
6,037,000
6,404,000
300,000 5
6,104,000
1,069,000
771,220
72
281,600
7,545,500
7,545,500
143,000
143,000

Other Dairy Products (L) 3,018,000
795,251
26
2,222,749
7,545,500
7,545,500
6,285,000
1,311,037 21
4,973,963
898,000
898,000
3,592,000
4,113
3,587,887
4,490,000
4,490,000
692,000
692,000
2,076,000
1,829,250 88%
246,750
5,695,000
5,695,000
6,158,000
799,400
13%
5,358,600
1,038,000
884,092
85%
153,908
7,118,500
29,276
7,089,224
138,000
138,000
Other Dairy Products (L) 2,847,000
2,376,633 83%
470,367
7,118,500
7,118,500
5,986,000
4,138,004 69%
1,847,996
855,000
54,680
6%
800,320
3,421,000
458,431
13%
2,962,569
4,276,000
4,276,000
672,000
672,000
2,016,000
1,988,745 99%
27,255
5,373,000
5,373,000
5,921,000
669,225
11%
5,251,775
1,008,000
937,529
93%
70,471
6,715,000
74,029
6,640,971
134,000
134,000
Other Dairy Products (L) 2,686,000
1,043,353 39%
1,642,647
6,715,000
6,715,000
5,701,000
2,462,406 43%
3,238,594
814,000
52,202
6%
761,798
3,258,000
1,521,518 47%
1,736,482
4,072,000
4,072,000
652,000
652,000

1,957,000
617,700
32%
1,339,300
5,068,000
5,068,000
5,693,000
804,150
14%
4,888,850
979,000
384,696
39%
594,304
6,335,000
140,376
2%
6,194,624
130,000
130,000
Other Dairy Products (L) 2,534,000
794,534
31%
1,739,466
6,336,000
6,336,000
5,430,000
56,063
5,373,937
776,000
128,542
17%
647,458
3,103,000
509,401
16%
2,593,599
3,878,000
3,878,000
633,000
633,000
1,900,000
1,706,650 90%
193,350
4,782,000
4,782,000
5,474,000
443,950
8%
5,030,050
950,000
180,000
19%
770,000
5,000,000
129,899
3%
4,870,101
127,000
127,000
Other Dairy Products (L) 2,391,000
751,849
31%
1,639,151
6,950,000
6,950,000
5,171,000
1,203,457 23%
3,967,543
739,000
217,121
29%
521,879
2,955,000
217,296
7%
2,737,704
3,694,000
3,694,000
615,000
615,000
1,845,000
1,813,300 98%
31,700
4,511,000
4,511,000
5,264,000
1,986,150 38%
3,277,850
922,000
72,013
8%
849,987
5,000,000
131,892
3%
4,868,108
123,000
123,000
Other Dairy Products (L) 2,255,000
1,185,052 53%
1,069,948
10,777,000
10,777,000

4,925,000
49,602
4,875,398
704,000
704,000
2,814,000
941,442
33%
1,872,558
3,518,000
3,518,000
597,026
1,760
595,266
1,791,078
621,300
35%
1,169,778
4,255,557
4,255,557
5,061,276
706,225
14%
4,355,051
895,539
152,680
17%
742,859
3,546,298
126,171
4%
3,420,127
119,405
119,405
Other Dairy Products (L) 2,340,557
2,115,210 90%
225,347
7,092,596
7,092,596
4,690,335
80,886
2%
4,609,449
670,048
670,048
2,680,191
42,881
2%
2,637,310
3,350,239
3,350,239
579,637
322,180
56%
257,457
1,739,000
1,445,550 83%
293,450
4,014,677
4,014,677
4,867,000
908,770
19%
3,958,230
869,456
326,404
38%
543,052
3,346,000
178,596
5%
3,167,404
115,928
115,928
Other Dairy Products (L) 2,007,000
1,298,645 65%
708,355
6,691,000
6,691,000
4,467,000
623,928
14%
3,843,072
638,000
65,653
10%
572,347
2,552,563
620,552
24%
1,932,011
3,190,704
3,190,704
562,754
112,500
20%
450,254
1,688,263
1,420,540 84%
267,723
3,787,431
3,787,431

Other Milk Powders (F) 4,679,434
4,499,235 96%
180,199
844,132
649,806
77%
194,326
112,551
112,551
6,312,385
6,312,385
4,254,272
2,957,501 70%
1,296,771
607,753
62,406
10%
545,347
2,431,013
1,971,071 81%
459,942
3,038,766
3,038,766
546,364
68,020
12%
478,344
1,639,091
889,650 54%
749,441
3,573,048
3,573,048
Other Milk Powders (F) 4,499,456
1,575,625 35%
2,923,831
819,545
731,429
89%
88,116
109,273
109,273
5,955,080
53,000
5,902,080
4,051,688
821,574
20%
3,230,114
578,813
4,563
574,250
2,315,250
337,315
15%
1,977,935
2,894,063
781,012
27%
2,113,051
530,450
363,981
69%
166,469
1,591,350
1,557,415 98%
33,935
3,370,800
523
3,370,277
Other Milk Powders (F) 4,326,400
2,671,310 62%
1,655,090
795,675
465,904
59%
329,771
106,090
106,090
5,618,000
360,000
6%
5,258,000
3,858,750
2,703,432 70%
1,155,318
551,250
37,614
7%
513,636
2,205,000
1,320,646 60%
884,354
2,756,250
2,382,485 86%
373,765
515,000
404,040
78%
110,960
1,545,000
1,517,480 98%
27,520
3,180,000
396,000
12%
2,784,000

Other Milk Powders (F) 4,160,000
4,036,965 97%
123,035
772,500
681,415
88%
91,085
103,000
36,000
35%
67,000
5,300,000
363,460
7%
4,936,540
3,675,000
2,475,103 67%
1,199,897
525,000
17,016
3%
507,984
2,100,000
1,531,708 73%
568,292
2,625,000
2,344,374 89%
280,626
Contact us
For queries or assistance, contact the Quota Unit:
Phone: 02 6272 4068
Email: quota.admin@awe.gov.au
Source: https://www.agriculture.gov.au/biosecurity-trade/export/from-australia/quota/usage/historical-fta-dairy-quota-
position